T's Data
0
0
1
1
1
1
3
17
73
110
164
363
483
560
956
1113
1129
1346
1464
1832
1908
2028
2075
2116
2166
2441
2574
2602
2666
2828
2883
3067
3093
3187
3274
3386
3410
3735
3812
4109
4285
4423
4493
4497
4573
4609
4725
4728
4763
4842
5023
5129
5203
5268
5360
5529
5659
5796
6118
6166
6191
6232
6370
6439
6530
6622
6738
6906
6981
7000
7438
7573
7792
8277
8337
8341
8576
8675
8744
8815
8866
9048
9133
9341
9693
9703
9851
10318
10373
10412
10571
10815
10828
10872
10905
10917
10929
11031
11234
11298
11440
11463
11482
11588
11825
11830
11973
12031
12062
12149
12311
12327
12424
13029
13103
13143
13178
13291
13424
13587
13603
13732
14045
14335
14501
14818
14886
14949
15090
15111
15169
15409
15564
15609
15779
15807
15867
15882
16143
16267
16656
16980
17088
17247
17293
17402
17456
17474
17962
17964
18013
18156
18213
18237
18326
18336
18435
18665
19178
19265
19323
19366
19529
19733
19800
19964
20054
20284
20488
20572
20892
21002
21059
21074
21324
21393
21454
21535
21587
21711
21856
21895
21983
22237
22312
22348
22417
22438
22683
22765
22845
23077
23335
23554
23679
23802
24063
24147
24452
24560
24666
24697
24842
25066
25104
25380
25443
25677
25679
25713
25856
26070
26075
26169
26188
26211
26240
26257
26258
26264
26286
26333
26515
26717
26722
26752
26812
26817
27049
27131
27183
27186
27214
27218
27246
27291
27351
27403
27430
27729
27986
28094
28222
28361
28435
28771
28883
29032
29061
29107
29128
29629
29630
29649
29657
29670
29895
30030
30094
30169
30228
30356
30375
30456
30486
30533
30536
30536
30599
30608
30688
30792
30915
31048
31104
31230
31460
31514
31626
31648
31654
31822
31877
31923
32034
32230
32276
32284
32428
32533
32815
32856
32863
32904
32960
33000
33306
33413
33568
33697
33702
33840
34054
34144
34153
34212
34421
34506
34507
34564
35499
35606
35684
36281
36402
36559
36639
36963
37148
37166
37168
37243
37545
37615
37703
37875
37969
38069
38188
38471
38579
38766
39209
39693
39899
39972
40194
40583
40820
40979
41926
42036
42237
42403
42481
42543
42609
42748
43053
43087
43091
43140
43249
43259
43294
43379
43409
43566
43588
43611
43709
43775
43880
43914
44025
44051
44059
44285
44376
44497
44628
45082
45204
45348
45404
45636
45655
45858
45917
46026
46087
46093
46199
46274
46301
46331
46550
46613
46632
46886
46890
46986
47030
47090
47190
47372
47387
47520
47618
47688
47797
47985
48049
48077
48097
48173
48190
48307
48319
48369
48390
48524
48589
48653
48853
48928
48964
48996
49181
49312
49368
49476
49477
49482
49601
49734
49836
49851
49862
49909
49926
50016
50061
50135
50149
50329
50457
51017
51072
51261
51373
51431
51511
51612
51824
51855
52174
52218
52231
52362
52426
52482
52663
52681
52799
52837
52864
52993
53068
53384
53392
53735
53742
54156
54365
54386
54444
54790
54861
54886
55190
55452
55565
55578
55718
55742
55844
56109
56480
56723
56781
56842
56955
56975
57044
57081
57224
57278
57603
57619
57746
57836
57877
57947
57957
57966
58108
58125
58145
58219
58337
58375
58550
58791
58816
58835
58854
58922
59021
59024
59375
60309
60394
60425
60540
60794
60851
60927
60954
61043
61065
61090
61212
61321
61415
61728
61761
61842
61936
61973
62114
62117
62170
62292
62477
62497
62643
62740
62783
62969
63380
63471
63656
63669
63720
64065
64128
64219
64432
64536
64737
64813
64947
64983
65029
65258
65267
65304
65454
65526
65701
66224
66353
66518
66600
66640
66753
66811
66817
66875
66999
67012
67283
67303
67368
67471
67503
68001
68091
68176
68267
68274
68421
68438
68474
68524
68711
68770
68940
69149
69163
69284
69800
69803
69876
69917
70041
70060
70067
70192
70276
70327
70684
70788
70792
70880
71288
72094
72258
72573
72685
72905
72947
73199
73430
73455
73515
73748
73854
73878
74120
74127
74168
74224
74253
74282
74410
74485
74573
74725
74862
74911
75039
75049
75131
75175
75194
75314
75529
75589
75832
75930
76021
76243
76285
76320
76678
76835
77271
77283
77656
77920
78010
78137
78254
78309
78475
78723
78878
78950
79197
79212
79775
79792
79800
79830
80018
80183
80243
80299
80706
80995
81052
81108
81289
81333
81337
81585
81802
82276
82320
82326
82346
82523
82749
83006
83109
83124
83451
83510
83861
84026
84059
84357
84371
84466
84643
84658
84766
84868
84901
85138
85869
85956
85959
85995
86153
86187
86335
86386
86688
86854
87207
87539
87804
88065
88107
88240
88667
88769
88808
89266
89366
89513
89894
89905
90015
90054
90086
90210
90348
90489
90541
90555
90561
90935
91160
91347
91566
91573
91733
92038
92518
92641
92679
92813
93039
93223
93238
93257
93283
93351
93376
93478
93491
93861
93912
94018
94049
94435
95131
95240
95335
95620
95923
95976
96005
96358
96433
96451
96784
96889
97063
97139
97255
97485
97688
97764
97839
97920
98371
98395
98536
98555
98620
98828
99005
99043
99057
99067
99164
99238
99272
99600
99614
99755
99788
99881
99917
99999
T's Data End
0 right = 801 left = -1
0 right = 400 left = -1
0 right = 199 left = -1
0 right = 99 left = -1
0 right = 49 left = -1
0 right = 24 left = -1
0 right = 11 left = -1
0 right = 5 left = -1
0 right = 2 left = -1
